10,183
10,7
10,255
10,67
10,217
10,291
10,175
10,93
11,15
11,8
11,19
11,12
11,30
11,11
11,3
9,5
52,6
52,5
52,4
52,3
8,18
8,17
8,8
8,10
8,14
8,11
52,2
52,1
52,0
51,5
51,4
51,3
8,15
51,2
51,1
51,0
50,5
50,4
50,3
50,2
50,1
50,0
49,5
49,4
49,3
49,2
49,1
49,0
48,5
48,4
48,3
48,2
48,1
48,0
47,4
47,3
47,2
47,1
44,107
44,106
44,105
44,104
44,103
44,102
44,101
44,100
44,99
44,98
44,97
44,96
44,95
44,94
44,93
44,92
44,91
44,90
44,89
44,88
44,87
44,86
44,85
44,84
44,83
44,82
44,81
44,80
44,79
44,78
44,34
44,33
44,32
44,31
44,30
44,29
44,28
44,27
44,26
44,25
44,24
44,23
44,22
44,21
44,20
44,19
20,3
20,2
20,1
19,3
19,2
19,1
12,3
12,2
12,1
11,29
11,28
11,27
11,25
11,24
11,22
11,21
